function [rr, vv] = EphLutetia(pl, t)

muSun = 132724487690;

ephemerides = [7304.50000000000	268841314.376040	193673592.769327	-12562496.7887189	-9.73956753834126	18.4625096434456	0.671615318680922
7669.50000000000	-230855264.504056	344565830.182579	15127382.0284757	-14.5087247572820	-8.01923111198120	0.698553885977333
8034.50000000000	-388250732.227803	-102554665.379641	19643115.5474131	6.45213642855588	-15.9384799097605	-0.476524085531746
8399.50000000000	123211025.996179	-288635152.270846	-8967527.33196761	19.2957305740461	10.3835108876294	-0.931315318093729
8764.50000000000	191672363.059003	293027326.573104	-7632168.43002249	-14.6262728239896	13.3768816887243	0.887005025483255
9129.50000000000	-312027938.713591	283413688.546856	18908441.5286436	-11.4377301977830	-11.5536443394516	0.506035747075413
9494.50000000000	-332885412.912369	-195622155.346185	15926787.0295201	11.3332924374453	-13.9079924982476	-0.717585810043883
9859.50000000000	229945435.934644	-200027831.701030	-13857870.9783344	14.2380371013593	17.3931650700834	-0.604221399351297
10224.5000000000	90410949.1973714	359088476.860933	-1715866.38191341	-17.1788394467835	7.50141897507692	0.971901605421492
10589.5000000000	-372177478.986927	202099197.146297	21393313.2557741	-7.65770222947172	-14.2412151776318	0.283179419768891
10954.5000000000	-246962138.572281	-272545592.950665	10719795.6246125	15.8559877435449	-10.2414021212570	-0.925703324292580
11319.5000000000	295841099.729485	-77283526.2376972	-16299165.2035878	6.42864615005720	21.4731666961841	-0.155958321421052
11684.5000000000	-18331734.7003620	387699003.446114	4287920.52592427	-17.7556264157315	1.83334731758230	0.954168978515403
12049.5000000000	-406657858.068381	107652626.887550	22413902.2880453	-3.40431336609365	-15.9422770428449	0.0433544114381155
12414.5000000000	-137160697.996340	-320383341.532826	4502781.46550988	19.2992342618690	-4.84943704224133	-1.06157823299753
12779.5000000000	308839589.330845	59374165.7779884	-15812249.1619548	-2.09112434149464	21.7756495792882	0.297408071168834
13144.5000000000	-127064244.941113	382711083.345587	10006490.7376036	-16.7815676338793	-3.34072427095463	0.858384830962919
13509.5000000000	-413361978.947166	5804416.72314791	21900650.8874663	1.28259235472005	-16.5825133085856	-0.210358488370952
13874.5000000000	-9644176.50751383	-328961591.868540	-2317640.01337975	20.8818787691701	2.20576195083328	-1.08484024817776
14239.5000000000	271584911.982087	188496124.704861	-12734350.2979787	-9.43680661914777	18.6645761672261	0.659285595400363
14604.5000000000	-226050779.005564	347454269.958246	14936042.9744628	-14.6280228244296	-7.81117248654637	0.705966326718636
14969.5000000000	-389801075.671847	-97380197.0603470	19757179.2111125	6.21793957927848	-16.0246025547951	-0.467038224568305
15334.5000000000	118116472.200575	-291503716.435157	-8767049.47178376	19.4389170813424	10.0214830345927	-0.940723750522016
15699.5000000000	197089330.215926	288652095.469531	-7918394.91133691	-14.4083348940532	13.6577379134747	0.879824713757894
16064.5000000000	-307709339.634871	287102448.970758	18749680.0489301	-11.6350668093760	-11.4065891662807	0.516185696563973
16429.5000000000	-335936328.619496	-191739036.321152	16093895.2177310	11.1002809532154	-14.0524754428818	-0.708453435860293
16794.5000000000	225532325.140504	-206143387.549883	-13706148.8338104	14.5700606604042	17.0524839809086	-0.622213774527614
17159.5000000000	97258005.4453338	356135684.867494	-2044909.93672463	-17.0850811091797	7.85245037114856	0.971265023523950
17524.5000000000	-368985674.527754	207008530.507988	21302017.9343946	-7.89496919355013	-14.1309279671934	0.294439498227018
17889.5000000000	-251518952.231871	-269207951.516018	10953570.8781613	15.6624236638275	-10.4691783104493	-0.918829255585958
18254.5000000000	294105817.980182	-83342160.7327319	-16268167.6395940	6.82672163456428	21.3557319544942	-0.175137839174543
18619.5000000000	-12384493.1995771	387278516.403406	4021942.32487872	-17.7544709659518	2.10881511504292	0.956639296858576
18984.5000000000	-405187525.016980	112540975.135387	22384985.5038315	-3.63143851294498	-15.9055537533546	0.0529910658035639
19349.5000000000	-142688312.242860	-319337571.270919	4735775.66092080	19.1506108071887	-5.15988717526393	-1.05702946797317
19714.5000000000	310284858.062230	50653990.3595299	-15948204.9161571	-1.57947263516464	21.8244149607919	0.275005348892851
20079.5000000000	-119919810.370378	383552568.624781	9702425.27556828	-16.9110324201462	-3.04750599047729	0.866680772917085
20444.5000000000	-413528465.071435	11007722.3229066	21943265.2201690	1.00176794764493	-16.5927604360474	-0.198630310611861
20809.5000000000	-17494788.6560319	-330509166.714157	-1978571.83713672	20.8177198402308	1.73383341054218	-1.08455800417350
21174.5000000000	276187539.413697	179536574.411793	-13007176.5802696	-8.97576740594897	18.9684939548647	0.641099561599570
21539.5000000000	-219382025.162182	350299259.592112	14673066.0382096	-14.8298054685562	-7.54486750346859	0.716858140818509
21904.5000000000	-391844595.201781	-91491878.9016571	19890674.4014820	5.91370727008686	-16.1045236043040	-0.454244012557003
22269.5000000000	110930215.955008	-295388086.964277	-8461498.53310807	19.6138935685004	9.54074404296925	-0.951909668321595
22634.5000000000	203446000.571975	282870297.318635	-8252797.43300599	-14.1378373794034	14.0209381403618	0.870257997564294
22999.5000000000	-302560595.771922	291606110.694418	18544664.1577131	-11.8751682299230	-11.2104826244889	0.527915174201584
23364.5000000000	-340579068.299880	-186493416.595777	16312615.9527898	10.7581541647507	-14.2317090833693	-0.694313861633865
23729.5000000000	218321738.903448	-215656965.513722	-13441131.0568208	15.0620569310741	16.5086630256013	-0.647908977048494
24094.5000000000	106829143.831419	351030546.090130	-2512077.58618805	-16.9745305500599	8.36991956934365	0.970318223073698
24459.5000000000	-365060837.464934	213034013.430877	21162176.4419373	-8.22877254033581	-13.9669918782169	0.309869170351123
24824.5000000000	-259754140.635256	-264687903.277090	11350050.5798875	15.2792461548140	-10.8051202267968	-0.902565867053439
25189.5000000000	289834493.855851	-96844825.3451042	-16153768.2789090	7.63663665320908	21.0900784774945	-0.214828439558369
25554.5000000000	-2109049.65968415	385227966.417739	3549173.17678458	-17.7997179873678	2.62220732441236	0.962426968510448
25919.5000000000	-403156242.500517	120315251.046022	22340906.8637587	-4.01374586148326	-15.8001752939599	0.0706547698158611
26284.5000000000	-152756962.390330	-316853460.459619	5228150.34569739	18.8955299099525	-5.67299709230866	-1.04743323848067
26649.5000000000	311250241.775912	37881538.0917407	-16080227.2514379	-0.816698312513762	21.9186599311401	0.238857802423949
27014.5000000000	-110087360.252087	384875754.666540	9242993.51409972	-17.0665122819533	-2.60464148208023	0.876737827359325
27379.5000000000	-414367734.555082	19947650.5481323	22010798.5742218	0.542141667780388	-16.5678423197112	-0.177575987441427
27744.5000000000	-31657789.8085664	-332438734.668601	-1327059.90814009	20.7005152660493	0.927335773481829	-1.08236462341516
28109.5000000000	282287495.526840	164878649.567695	-13387488.0501362	-8.24709668339962	19.4590158723799	0.609893889180514
28474.5000000000	-210050812.338019	354087632.991156	14259136.1374434	-15.1248352383667	-7.12486506068706	0.732719957842317
28839.5000000000	-396186806.016641	-81778731.7464719	20138289.8598819	5.37728882442986	-16.1825926103346	-0.429199364553989
29204.5000000000	95802286.6541315	-302850067.140400	-7776037.22230753	19.9063232063434	8.60343910558967	-0.971151971341099
29569.5000000000	213128615.602642	271805629.675719	-8773723.94485721	-13.6931751310151	14.6862079259768	0.853751159211286
29934.5000000000	-294882786.797527	298270025.970825	18221812.6368768	-12.2375320953249	-10.8622521160249	0.546478701102158
30299.5000000000	-347779840.711536	-177335395.473267	16713999.9125930	10.2393752275184	-14.4869452037484	-0.670088835732996
